restart = plot

spinors = .true.

begin projections
S:p
Fe:s,p,d
Cr:s,p,d
end projections

bands_plot = .true.

begin unit_cell_cart
ang
   2.9843235   -1.7230000    0.0000000
   0.0000000    3.4460000    0.0000000
   0.0000000    0.0000000    5.7430000
end unit_cell_cart

begin atoms_frac
Fe   0.000000000000000   0.000000000000000   0.000000000000000 
Cr   0.000000000000000   0.000000000000000   0.500000000000000 
 S   0.333333333333333   0.666666666666667   0.250000000000000 
 S   0.666666666666667   0.333333333333333   0.750000000000000 
end atoms_frac

mp_grid: 4 4 4

begin kpoints
  0.00000000  0.00000000  0.00000000  1.562500e-02
  0.00000000  0.00000000  0.25000000  1.562500e-02
  0.00000000  0.00000000  0.50000000  1.562500e-02
  0.00000000  0.00000000  0.75000000  1.562500e-02
  0.00000000  0.25000000  0.00000000  1.562500e-02
  0.00000000  0.25000000  0.25000000  1.562500e-02
  0.00000000  0.25000000  0.50000000  1.562500e-02
  0.00000000  0.25000000  0.75000000  1.562500e-02
  0.00000000  0.50000000  0.00000000  1.562500e-02
  0.00000000  0.50000000  0.25000000  1.562500e-02
  0.00000000  0.50000000  0.50000000  1.562500e-02
  0.00000000  0.50000000  0.75000000  1.562500e-02
  0.00000000  0.75000000  0.00000000  1.562500e-02
  0.00000000  0.75000000  0.25000000  1.562500e-02
  0.00000000  0.75000000  0.50000000  1.562500e-02
  0.00000000  0.75000000  0.75000000  1.562500e-02
  0.25000000  0.00000000  0.00000000  1.562500e-02
  0.25000000  0.00000000  0.25000000  1.562500e-02
  0.25000000  0.00000000  0.50000000  1.562500e-02
  0.25000000  0.00000000  0.75000000  1.562500e-02
  0.25000000  0.25000000  0.00000000  1.562500e-02
  0.25000000  0.25000000  0.25000000  1.562500e-02
  0.25000000  0.25000000  0.50000000  1.562500e-02
  0.25000000  0.25000000  0.75000000  1.562500e-02
  0.25000000  0.50000000  0.00000000  1.562500e-02
  0.25000000  0.50000000  0.25000000  1.562500e-02
  0.25000000  0.50000000  0.50000000  1.562500e-02
  0.25000000  0.50000000  0.75000000  1.562500e-02
  0.25000000  0.75000000  0.00000000  1.562500e-02
  0.25000000  0.75000000  0.25000000  1.562500e-02
  0.25000000  0.75000000  0.50000000  1.562500e-02
  0.25000000  0.75000000  0.75000000  1.562500e-02
  0.50000000  0.00000000  0.00000000  1.562500e-02
  0.50000000  0.00000000  0.25000000  1.562500e-02
  0.50000000  0.00000000  0.50000000  1.562500e-02
  0.50000000  0.00000000  0.75000000  1.562500e-02
  0.50000000  0.25000000  0.00000000  1.562500e-02
  0.50000000  0.25000000  0.25000000  1.562500e-02
  0.50000000  0.25000000  0.50000000  1.562500e-02
  0.50000000  0.25000000  0.75000000  1.562500e-02
  0.50000000  0.50000000  0.00000000  1.562500e-02
  0.50000000  0.50000000  0.25000000  1.562500e-02
  0.50000000  0.50000000  0.50000000  1.562500e-02
  0.50000000  0.50000000  0.75000000  1.562500e-02
  0.50000000  0.75000000  0.00000000  1.562500e-02
  0.50000000  0.75000000  0.25000000  1.562500e-02
  0.50000000  0.75000000  0.50000000  1.562500e-02
  0.50000000  0.75000000  0.75000000  1.562500e-02
  0.75000000  0.00000000  0.00000000  1.562500e-02
  0.75000000  0.00000000  0.25000000  1.562500e-02
  0.75000000  0.00000000  0.50000000  1.562500e-02
  0.75000000  0.00000000  0.75000000  1.562500e-02
  0.75000000  0.25000000  0.00000000  1.562500e-02
  0.75000000  0.25000000  0.25000000  1.562500e-02
  0.75000000  0.25000000  0.50000000  1.562500e-02
  0.75000000  0.25000000  0.75000000  1.562500e-02
  0.75000000  0.50000000  0.00000000  1.562500e-02
  0.75000000  0.50000000  0.25000000  1.562500e-02
  0.75000000  0.50000000  0.50000000  1.562500e-02
  0.75000000  0.50000000  0.75000000  1.562500e-02
  0.75000000  0.75000000  0.00000000  1.562500e-02
  0.75000000  0.75000000  0.25000000  1.562500e-02
  0.75000000  0.75000000  0.50000000  1.562500e-02
  0.75000000  0.75000000  0.75000000  1.562500e-02
end kpoints

Begin Kpoint_Path
A1     0.5000000000   -0.5000000000   0.5000000000  B1   0.0000000000   0.5000000000   0.5000000000
End Kpoint_Path
